﻿Section Score Range,SAT EBRW Percentiles,eng max,eng weight,SAT Math Percentiles,math max,math weight
780-800,99.61,100,0.39,98.1,100,1.9
760-780,99.31,99.6,0.29,96.1,98,1.9
740-760,98.1,99.3,1.2,95.1,96,0.9
720-740,96.1,98,1.9,93.1,95,1.9
700-720,94.1,96,1.9,91.1,93,1.9
680-700,91.1,94,2.9,88.1,91,2.9
660-680,87.1,91,3.9,85.1,88,2.9
640-660,83.1,87,3.9,82.1,85,2.9
620-640,78.1,83,4.9,79.1,82,2.9
600-620,73.1,78,4.9,75.1,79,3.9
580-600,67.1,73,5.9,69.1,75,5.9
560-580,61.1,67,5.9,64.1,69,4.9
540-560,54.1,61,6.9,58.1,64,5.9
520-540,48.1,54,5.9,50.1,58,7.9
500-520,41.1,48,6.9,43.1,50,6.9
480-500,35.1,41,5.9,37.1,43,5.9
460-480,28.1,35,6.9,31.1,37,5.9
440-460,22.1,28,5.9,25.1,31,5.9
420-440,16.1,22,5.9,20.1,25,4.9
400-420,11.1,16,4.9,16.1,20,3.9
380-400,7.1,11,3.9,11.1,16,4.9
360-380,4.1,7,2.9,7.1,11,3.9
340-360,2.1,4,1.9,4.1,7,2.9
320-340,1.1,2,0.9,2.1,4,1.9
300-320,0.833,1,1,1.1,2,0.9
280-300,0.665,0.832,0.167,0.81,1,0.19
260-280,0.488,0.655,0.167,0.61,0.8,0.19
240-260,0.311,0.478,0.167,0.41,0.6,0.19
220-240,0.134,0.301,0.167,0.21,0.4,0.19
200-220,0,0.124,0.124,0,0.2,0.2